7458800
7458803
7458802
7458805
7451284
7458804
7457202
7457203
7458636
7458634
7458635
7458632
7458633
7458630
7458631
7458638
7458639
7457390
7422211
7422210
7422213
7422212
7422215
7422214
7422217
7422216
7400376
7411341
7457309
7457308
7410434
7434454
7424999
7457252
7457893
7457892
7457891
7457890
7457897
7457896
7457895
7457899
7457898
7458849
7457259
7457258
7424617
7424610
7410470
7410472
7411402
7411403
7400410
7400419
7458637
7458828
7420011
7411884
7411260
7450882
7450888
7458302
7458301
7457989
7457988
7457315
7424592
7401419
7422291
7422290
7422293
7422292
7422295
7422294
7422297
7422296
7401417
7457079
7457078
7457071
7457073
7457072
7425735
7425739
7457382
7458577
7458576
7457387
7458573
7457388
7458579
7458578
7458561
7457394
7457395
7457927
7457926
7457925
7457924
7457923
7457922
7457921
7457920
7457929
7457928
7400375
7401029
7421140
7458773
7458772
7458771
7458770
7458777
7458776
7458775
7458774
7458779
7458778
7457302
7457304
7456997
7410682
7410350
7457228
7457229
7440983
7458923
7458921
7458929
7400805
7410536
7400501
7400504
7458913
7458912
7422343
7457414
7457413
7457412
7457411
7457410
7457419
7457418
7458303
7458062
7458060
7458067
7458687
7458685
7458684
7458682
7458689
7458688
7457871
7457796
7457797
7457798
7457799
7458835
7424499
7424498
7424497
7458188
7458189
7458180
7458183
7458185
7458186
7458187
7458232
7458233
7458230
7458231
7458236
7458237
7458234
7458238
7458239
7457844
7457845
7457840
7457841
7457842
7421075
7458430
7458431
7458433
7458435
7458436
7458437
7458438
7410828
7411059
7411058
7411057
7422365
7422364
7422367
7422366
7422361
7422360
7422363
7422362
7422369
7422368
7458844
7458847
7458846
7458841
7457894
7458377
7458376
7458374
7458373
7458372
7458370
7457499
7457498
7457497
7457495
7457494
7457491
7457490
7411839
7411837
7418008
7418007
7418006
7458609
7458608
7458606
7457651
7457650
7457652
7411571
7411574
7411575
7471332
7471333
7471330
7471331
7471336
7471337
7471334
7471335
7410223
7410227
7457358
7458247
7458243
7458242
7450780
7458100
7458104
7458105
7457594
7458816
7458817
7458814
7458815
7458810
7458811
7458678
7458672
7458673
7410405
7438227
7400221
7400222
7435989
7457149
7457148
7457144
7457147
7457141
7457140
7457143
7457142
7400418
7434873
7457507
7457506
7404328
7404324
7404327
7404326
7404321
7404320
7404323
7422242
7422243
7422240
7422241
7422246
7422244
7422245
7422248
7422249
7458527
7458520
7400347
7410935
7410937
7410936
7435248
7457518
7457519
7458728
7458729
7458724
7458725
7458726
7458727
7458720
7458721
7458722
7458723
7458897
7458894
7458895
7458893
7458890
7458898
7458899
7410489
7410485
7458880
7458883
7411944
7411942
7450893
7458487
7458489
7425868
7425737
7425736
7401268
7458919
7458918
7458911
7458910
7458917
7458916
7458915
7458914
7458763
7457253
7457028
7457029
7458039
7457020
7457024
7458033
7458358
7457979
7457971
7457973
7457974
7457975
7457976
7443309
7411261
7400426
7456946
7456947
7456944
7456945
7456942
7456940
7456941
7456949
7410659
7458208
7458203
7458202
7458200
7458207
7458206
7458205
7435258
7458962
7458960
7458961
7457508
7458734
7457501
7457500
7457503
7457502
7458886
7458449
7458448
7458441
7458443
7458442
7458445
7458444
7458447
7458446
7410871
7422338
7422336
7422334
7422335
7422332
7422333
7422330
7457200
7411083
7411089
7411122
7457198
7457199
7457196
7457194
7457195
7457192
7457193
7457190
7457191
7457449
7457440
7457441
7457444
7457446
7457447
7458830
7458833
7410616
7449890
7449892
7411378
7411549
7411542
7411540
7411545
7400815
7424612
7458179
7458178
7458171
7458172
7458175
7458177
7458176
7458283
7458282
7458281
7458280
7458287
7458286
7458285
7458289
7458288
7457264
7457260
7457263
7458827
7458826
7457837
7457836
7457833
7457832
7456939
7457105
7458621
7458620
7458623
7458622
7458624
7458627
7457461
7464305
7464307
7464309
7464308
7422298
7458328
7458329
7458320
7458321
7458322
7458323
7458324
7458325
7458326
7458327
7457116
7457117
7457115
7457112
7457110
7457111
7422225
7422223
7471496
7458658
7422279
7422278
7422273
7422272
7422271
7422270
7422277
7422276
7422275
7422274
7411633
7457098
7457093
7457091
7457090
7457097
7457096
7457095
7457094
7425746
7410270
7425747
7425744
7457325
7457324
7458515
7457326
7458513
7457320
7457323
7458510
7425741
7457329
7457328
7458519
7458518
7457380
7457386
7457385
7411593
7458246
7457514
7435276
7435272
7457522
7457527
7457525
7457524
7457528
7457376
7457377
7411466
7410336
7411502
7425768
7425769
7425764
7425765
7425760
7425761
7425762
7458245
7420075
7458241
7458940
7411209
7400818
7400816
7400814
7400811
7410556
7458969
7458966
7458964
7458965
7458963
7422337
7422331
7424607
7424600
7424601
7410147
7458314
7458310
7458313
7458312
7457012
7457011
7457015
7457019
7450748
7450749
7458599
7458598
7458597
7458596
7458595
7458594
7458592
7458591
7458590
7457901
7457900
7457902
7457905
7457904
7457907
7457906
7457908
7410963
7400831
7400830
7458751
7458752
7421372
7435796
7456975
7456974
7456973
7456972
7456971
7456970
7458256
7457201
7457206
7457207
7457204
7457205
7420187
7420186
7420189
7420188
7411916
7412464
7400217
7400184
7458494
7458495
7458499
7431518
7431512
7431511
7411285
7457814
7458786
7458787
7458785
7458782
7458783
7422307
7422305
7422304
7422302
7422301
7422300
7422308
7411709
7410079
7458870
7458873
7458874
7458875
7457435
7457437
7457436
7457439
7457438
7411661
7456994
7456998
7411153
7458049
7458040
7457634
7457631
7457630
7457985
7457984
7457870
7457879
7457878
7411985
7400508
7401360
7401361
7424625
7424620
7457223
7457227
7410622
7411329
7463355
7463353
7457282
7457283
7457280
7457281
7457286
7457285
7457868
7457869
7457866
7457864
7457860
7457861
7411991
7443216
7443217
7458667
7424609
7458418
7458419
7458412
7458410
7458411
7458417
7458414
7410801
7410802
7464350
7457603
7411781
7422268
7422269
7410783
7422266
7458351
7458350
7458352
7458355
7458354
7457129
7457128
7457127
7457126
7457125
7457123
7457122
7457121
7457120
7411810
7430405
7458024
7458021
7458629
7458628
7425006
7424500
7422224
7422226
7422227
7422220
7422229
7411596
7411590
7457374
7457375
7457371
7457332
7457333
7457330
7457331
7457334
7457335
7458116
7458122
7458124
7458125
7457578
7458788
7458789
7458784
7457577
7458878
7458872
7458877
7458406
7458401
7443298
7443296
7443290
7410461
7410467
7417158
7464347
7464346
7458922
7458920
7458926
7458927
7421811
7401209
7457251
7457250
7457257
7457256
7458255
7458250
7410791
7421991
7410132
7457048
7457049
7457044
7457045
7457047
7457040
7457041
7457043
7458548
7458542
7458543
7458544
7458545
7450779
7450778
7450777
7400364
7400367
7401420
7458706
7458707
7458704
7458705
7458702
7458703
7458700
7458708
7458709
7457301
7410366
7410367
7457239
7435266
7436017
7436015
7436018
7436019
7458937
7458936
7458939
7420972
7411758
7410641
7458825
7458824
7457839
7457838
7458862
7458017
7458014
7458012
7457952
7457950
7457951
7457956
7457957
7457954
7457955
7457958
7457959
7411363
7458866
7423232
7456929
7458199
7458193
7458192
7458191
7458190
7458194
7416284
7458225
7458224
7458227
7458226
7458221
7458220
7458229
7458228
7457270
7457857
7457856
7457855
7457854
7457853
7457852
7458614
7458610
7458612
7458613
7401423
7458422
7458421
7458427
7458426
7458425
7458429
7458428
7422358
7422359
7422350
7422351
7422352
7422353
7422355
7422356
7422357
7411069
7411062
7423005
7466148
7410004
7400287
7457462
7457463
7457466
7457467
7457464
7457468
7458686
7458680
7458092
7423178
7411565
7471329
7471328
7471325
7471324
7471327
7471326
7471323
7457347
7457346
7457344
7457343
7457342
7457341
7457340
7457349
7457348
7425758
7425754
7458113
7458112
7458115
7458119
7457361
7457360
7457363
7464306
7457365
7457367
7401410
7401411
7401413
7401414
7401415
7425597
7425599
7425037
7410087
7457170
7457171
7457172
7457173
7458306
7458307
7458304
7458305
7458308
7457794
7457790
7457792
7457793
7458971
7458970
7434869
7458670
7458671
7458677
7458674
7411093
7465421
7404310
7404311
7404313
7404314
7404316
7404317
7404318
7404319
7422255
7422254
7422257
7422251
7422253
7422252
7422259
7422258
7449296
7449297
7458531
7458535
7458537
7458536
7458538
7458340
7458341
7440978
7440971
7410051
7459063
7457189
7457188
7435254
7435256
7457509
7458739
7458738
7458737
7458736
7458735
7458733
7458732
7458731
7458730
7463386
7458889
7458888
7458882
7458885
7458884
7411197
7411442
7401272
7401273
7458701
7436021
7425749
7430430
7430431
7458679
7458388
7458382
7458383
7458380
7458381
7458387
7458385
7457716
7457717
7458676
7458796
7410579
7424628
7410160
7457831
7457830
7457039
7458029
7458023
7457030
7457033
7458020
7458931
7458930
7457969
7457968
7457961
7457960
7457967
7457965
7457964
7457846
7457847
7457849
7400076
7400070
7458871
7457233
7457232
7457231
7457230
7457235
7457234
7424632
7411115
7456959
7456958
7456951
7456950
7456953
7456955
7456954
7456957
7458278
7458279
7458277
7458274
7458275
7458272
7458273
7458270
7458271
7400274
7458650
7458651
7458653
7458654
7458657
7458474
7458475
7458470
7458471
7458473
7422321
7422320
7422323
7422322
7422325
7422324
7422327
7422326
7422329
7422328
7411095
7411094
7411091
7436013
7457187
7457186
7457459
7457458
7457453
7457452
7457451
7457450
7457457
7457455
7424626
7424627
7424624
7424622
7424623
7424629
7457618
7457616
7421195
7465389
7465386
7423779
7449883
7449881
7449887
7449886
7449884
7449889
7449888
7411536
7411537
7425745
7425742
7425743
7425740
7400381
7457321
7457322
7449885
7422198
7422199
7422191
7422197
7422194
7422195
7423579
7423578
7400725
7458145
7458146
7458147
7458143
7457808
7457801
7457802
7457803
7457804
7457805
7414449
7458932
7458938
7410765
7410760
7457108
7458339
7458338
7457101
7457100
7458331
7457102
7458336
7457107
7457106
7422835
7457038
7430429
7430428
7430425
7430427
7430421
7430420
7411050
7420298
7420293
7458641
7458640
7458645
7458644
7458649
7458648
7458666
7424526
7422208
7422209
7422206
7422207
7422204
7422205
7422203
7411609
7410264
7410261
7410262
7410268
7457318
7457319
7458375
7458378
7400307
7411718
7434468
7434465
7434461
7434460
7434463
7418256
7457559
7457880
7457881
7457882
7457883
7457884
7457885
7458854
7457887
7457888
7457237
7411398
7457378
7458330
7458335
7411479
7400176
7435274
7435279
7435278
7457521
7425773
7425772
7450526
7450891
7424619
7424616
7410457
7423483
7422286
7422287
7422284
7422285
7422282
7422283
7422280
7422281
7422288
7422289
7410152
7410150
7410155
7410159
7457066
7457064
7457065
7457062
7457063
7457060
7457061
7457068
7457069
7450750
7458562
7457391
7457392
7458566
7458567
7457396
7458565
7458568
7458569
7457936
7457937
7457930
7457931
7457933
7457938
7457939
7410977
7400808
7400806
7400800
7400802
7400803
7411312
7420190
7457822
7400023
7458605
7458761
7458762
7458764
7458765
7458768
7458600
7456982
7456984
7411161
7458842
7410333
7457215
7457214
7457217
7457216
7457211
7457210
7457213
7458240
7457218
7458249
7458248
7400223
7458607
7458603
7458602
7458601
7465404
7465401
7465400
7458485
7458481
7458480
7458483
7400433
7400542
7411296
7410521
7411736
7458018
7458019
7410061
7457404
7457405
7457407
7457400
7457401
7458071
7458076
7458694
7458695
7458697
7458690
7458691
7458692
7458698
7458699
7458550
7435281
7457299
7457298
7457295
7457291
7457290
7457292
7457873
7457872
7457354
7457355
7457350
7457351
7457352
7457353
7425738
7411034
7458409
7458405
7458404
7458407
7458400
7458403
7458402
7434740
7464349
7464348
7411017
7422372
7422373
7422370
7422371
7422376
7422375
7458364
7458365
7458360
7458361
7458363
7458368
7458369
7457236
7457488
7457489
7457484
7457485
7457487
7457480
7457481
7457483
7430434
7432906
7434882
7434880
7458333
7458332
7458618
7458619
7457646
7457645
7458334
7422236
7422235
7422233
7422230
7401425
7401424
7401422
7411719
7457362
7457381
7458137
7458131
7458133
7463326
7463329
7458791
7458790
7458793
7458792
7458795
7458794
7458869
7458868
7458861
7458860
7458867
7458864
7410412
7458716
7457222
7435993
7435991
7457226
7458109
7410920
7457305
7457159
7457152
7457153
7457150
7457151
7457154
7411240
7401236
7424435
7458813
7421275
7404332
7411350
7410105
7410107
7410103
7458081
7458085
7458086
7458559
7458553
7458552
7458551
7458557
7458556
7458554
7400359
7410925
7410923
7457851
7457850
7435238
7435237
7458719
7458718
7458711
7458710
7458713
7458715
7458714
7458717
7457247
7424606
7424437
7410491
7422178
7410373
7410370
7457244
7457245
7457242
7457243
7457241
7411957
7411951
7458615
7458646
7458851
7449131
7457736
7458908
7458901
7458904
7458905
7412491
7458003
7458004
7458006
7450782
7457945
7457944
7457947
7457946
7457941
7457940
7457943
7457949
7457948
7449825
7410743
7457310
7457316
7457317
7410674
7456930
7456937
7456936
7456935
7458219
7458210
7458211
7458213
7458214
7458216
7425005
7425002
7433043
7458454
7458455
7458452
7458453
7458450
7458451
7410594
7422349
7422348
7422342
7422341
7422340
7422347
7422346
7422345
7422344
7457859
7457858
7458909
7458906
7458907
7410093
7457475
7457474
7457471
7457470
7457473
7457472
7457479
7457478
7411857
7410205
7410742
7457469
7458166
7458160
7458291
7458292
7458294
7458295
7458296
7458297
7458299
7458834
7457823
7458836
7457821
7457826
7458831
7457825
7457828
7457829
7458839
7410426
7410421
7410420
7457397
7464310
7458852
7458853
7458850
7458856
7458857
7458855
7458315
7457162
7458317
7458316
7458311
7457166
7457164
7458319
7458318
7458668
7458665
7458664
7458661
7458663
7458662
7421790
7422261
7422262
7422263
7422264
7422265
7422267
7404303
7404302
7404306
7404304
7404309
7404308
7457812
7457088
7457082
7457084
7457085
7457087
7458504
7458505
7458506
7458507
7457337
7458502
7458503
7457338
7458254
7458251
7457208
7457209
7458258
7458259
7410915
7410912
7465402
7411301
7411303
7411308
7435264
7435260
7457530
7457531
7457533
7457534
7457535
7457537
7457538
7457539
7463393
7421451
7411453
7411459
7410325
7410321
7410329
7457520
7457274
7457273
7425751
7425750
7425753
7425752
7425757
7425756
7458399
7458398
7458394
7458397
7458391
7458393
7458392
7458973
7458974
7457703
7457702
7410542
7410548
7411641
7450781
7424631
7424633
7424635
7424634
7422771
7410179
7457003
7457004
7458588
7458585
7458586
7458587
7458580
7458581
7458582
7458583
7457918
7457919
7457916
7457917
7457914
7457915
7457912
7457913
7457911
7400822
7400820
7400821
7400828
7449878
7449876
7449875
7400048
7458748
7458744
7411109
7456968
7456965
7456966
7456967
7456960
7456961
7456962
7417625
7458261
7458260
7458262
7458265
7458266
7458269
7410214
7400206
7458466
7458465
7458464
7458463
7458462
7458461
7458460
7410897
7422314
7422316
7422317
7422310
7422311
7422312
7422313
7422318
7422319
7411710
7410040
7457426
7457425
7457423
7457420
7458780
7458781
7431760
7458823
7458059
7458052
7458050
7458051
7458054
7458820
7458346
7449751
7449750
7458347
7458344
7458345
7458342
7458343
7457628
7457629
7457625
7457627
7457621
7457994
7457992
7457991
7457999
7411010
7465398
7465395
7465394
7465397
7465396
7465393
7465392
7420230
7411707
7422188
7422185
7422183
7423580
7458154
7458153
7458151
7458150
7463342
7410731
7421339
7457818
7457811
7457810
7457817
7457816
7457815
7410676
7457512
7457513
7457510
7457511
7410672
7457516
7457517
7457515
7401297
7457313
7458896
7411022
7411026
7456933
7456932
7456931
7410775
7457138
7457139
7458348
7458349
7457134
7457135
7457136
7457137
7457130
7457131
7457132
7457133
7411806
7411808
7400127
7400129
7430416
7432927
